[gd_scene format=3 uid="uid://8jkpxxdg8asy"]

[ext_resource type="PackedScene" uid="uid://csovwf3mgjtws" path="res://forklift.tscn" id="1_ig7tw"]

[sub_resource type="Environment" id="Environment_7dm0k"]
background_mode = 2

[sub_resource type="BoxShape3D" id="BoxShape3D_ig7tw"]
size = Vector3(10, 0.1, 10)

[node name="Main" type="Node3D" unique_id=874651292]

[node name="DirectionalLight3D" type="DirectionalLight3D" parent="." unique_id=2847181]
transform = Transform3D(0.70710677, 0.49999994, -0.49999994, 0, 0.7071067, 0.7071067, 0.70710677, -0.49999994, 0.49999994, 0, 0, 0)

[node name="WorldEnvironment" type="WorldEnvironment" parent="." unique_id=78916296]
environment = SubResource("Environment_7dm0k")

[node name="StaticBody3D" type="StaticBody3D" parent="." unique_id=1516685064]

[node name="CollisionShape3D" type="CollisionShape3D" parent="StaticBody3D" unique_id=1886524042]
shape = SubResource("BoxShape3D_ig7tw")

[node name="CSGBox3D" type="CSGBox3D" parent="StaticBody3D" unique_id=653886743]
transform = Transform3D(0.99999595, 0.0025399914, -0.0012645815, -0.0025397297, 0.9999968, 0.00020809621, 0.0012651067, -0.00020487858, 0.99999917, 0, 0, 0)
size = Vector3(10, 0.1, 10)

[node name="Forklift" parent="." unique_id=48115629 instance=ExtResource("1_ig7tw")]
transform = Transform3D(1, 0, 0, 0, 1, 0, 0, 0, 1, 0, 1, 0)

[node name="Camera3D" type="Camera3D" parent="." unique_id=730060086]
transform = Transform3D(0.99999994, 0, 0, 0, 0.9396926, 0.34202012, 0, -0.34202012, 0.9396926, 0, 3, 7)
